3
Q11 10000 100 Q12 20000 200 Q22 0.9 300
5 5 25 40
1 25
1 2 2
0.8 2
0.2 8
1 6 3
0.3 1
0.4 5
0.3 8
2 3 2
0.5 9
0.5 9
2 7 2
0.3 2
0.7 9
3 4 2
0.6 1
0.4 5
3 8 3
0.2 1
0.5 6
0.3 3
4 5 2
0.1 1
0.9 10
4 9 2
0.2 0
0.8 9
5 10 3
0.1 2
0.7 8
0.2 0
6 7 2
0.8 2
0.2 9
6 11 3
0.1 2
0.7 10
0.2 1
7 8 2
0.1 1
0.9 10
7 12 2
0.3 9
0.7 7
8 9 4
0.1 6
0.2 10
0.4 2
0.3 0
8 13 2
0.3 7
0.7 3
9 10 4
0.2 1
0.2 6
0.4 3
0.2 10
9 14 3
0.3 1
0.5 10
0.2 0
10 15 2
0.1 1
0.9 9
11 12 2
0.1 10
0.9 1
11 16 3
0.1 10
0.6 6
0.3 0
12 13 4
0.1 1
0.1 10
0.5 3
0.3 5
12 17 2
0.5 6
0.5 8
13 14 2
0.2 10
0.8 6
13 18 3
0.1 10
0.6 1
0.3 8
14 15 2
0.6 9
0.4 2
14 19 3
0.1 0
0.3 2
0.6 8
15 20 4
0.1 10
0.2 8
0.3 3
0.4 1
16 17 3
0.2 8
0.3 2
0.5 4
16 21 2
0.3 9
0.7 3
17 18 2
0.5 5
0.5 5
17 22 2
0.6 10
0.4 1
18 19 3
0.1 9
0.3 3
0.6 1
18 23 4
0.5 7
0.1 1
0.3 3
0.1 0
19 20 2
0.1 9
0.9 2
19 24 3
0.2 6
0.3 10
0.5 4
20 25 2
0.2 10
0.8 1
21 22 2
0.4 9
0.6 4
22 23 3
0.2 10
0.4 1
0.4 6
23 24 2
0.3 4
0.7 9
24 25 2
0.4 2
0.6 8
2
7
4
9
4
11
6
13
10
15
12
17
18
13
20
21
18
23
20
25
22
17
24
25
-1